100 15
1 5 24 1
2 9 19 8
3 5 12 18
4 20 26 14
5 2 10 3
6 9 49 17
7 2 10 18
8 19 49 14
9 16 53 19
10 2 26 6
11 15 52 11
12 6 29 7
13 5 31 3
14 5 29 12
15 10 58 2
16 16 33 18
17 14 86 3
18 11 69 20
19 13 39 19
20 4 20 2
21 11 67 3
22 9 35 4
23 10 52 15
24 13 62 6
25 13 49 7
26 4 16 20
27 19 41 8
28 16 52 13
29 19 108 8
30 12 43 2
31 3 17 11
32 10 25 3
33 20 49 11
34 17 101 13
35 16 51 5
36 6 43 8
37 19 95 9
38 15 68 19
39 13 32 8
40 18 31 16
41 3 9 4
42 7 47 14
43 4 30 13
44 16 50 17
45 19 108 1
46 5 24 18
47 12 51 4
48 15 75 6
49 2 20 9
50 7 15 17
51 11 51 17
52 8 33 5
53 7 42 18
54 2 14 20
55 17 33 1
56 13 45 10
57 3 33 8
58 20 32 3
59 17 87 3
60 6 50 5
61 17 40 18
62 10 67 17
63 15 86 7
64 8 35 10
65 13 81 15
66 16 49 4
67 9 32 3
68 2 21 19
69 9 25 19
70 2 26 3
71 3 7 8
72 3 7 11
73 18 55 8
74 17 88 7
75 6 44 19
76 17 79 8
77 15 29 7
78 5 29 14
79 15 76 14
80 3 6 4
81 14 29 11
82 9 23 7
83 19 38 15
84 15 52 6
85 16 27 8
86 16 30 18
87 3 31 18
88 2 28 3
89 9 37 6
90 17 46 16
91 14 37 2
92 14 65 1
93 10 30 15
94 15 79 18
95 6 26 7
96 8 47 2
97 19 61 2
98 3 23 2
99 17 86 17
100 7 41 2
