Початкові дані задачі:
n = 20
m = 4

Замовлення:
id   t_i     d_i     w_i     
1    5       24      1       
2    9       19      8       
3    5       12      18      
4    20      26      14      
5    2       10      3       
6    9       49      17      
7    2       10      18      
8    19      49      14      
9    16      53      19      
10   2       26      6       
11   15      52      11      
12   6       29      7       
13   5       31      3       
14   5       29      12      
15   10      58      2       
16   16      33      18      
17   14      86      3       
18   11      69      20      
19   13      39      19      
20   4       20      2       

Результат алгоритму:
Локальний пошук

S1 = [7, 6, 8, 17]
S2 = [10, 16, 11]
S3 = [3, 2, 9, 4, 5, 13, 1]
S4 = [12, 14, 19, 18, 20, 15]

Детальна таблиця:
Зам.  Конт.   S_i     C_i     d_i     w_i     U_i     
1     3       114     119     24      1       1       
2     3       10      19      19      8       0       
3     3       0       5       12      18      0       
4     3       60      80      26      14      1       
5     3       100     102     10      3       1       
6     1       4       13      49      17      0       
7     1       0       2       10      18      0       
8     1       22      41      49      14      0       
9     3       28      44      53      19      0       
10    2       0       2       26      6       0       
11    2       36      51      52      11      0       
12    4       0       6       29      7       0       
13    3       104     109     31      3       1       
14    4       12      17      29      12      0       
15    4       78      88      58      2       1       
16    2       4       20      33      18      0       
17    1       60      74      86      3       0       
18    4       48      59      69      20      0       
19    4       22      35      39      19      0       
20    4       70      74      20      2       1       

Сумарна вага всіх замовлень: 215
Сумарна вага запізнілих замовлень: 25
F = 0.1163
F у відсотках = 11.63 %
